((("listolko" .
   [0 0 0 2 1 0 0 0])
  ("message" .
   [0 0 0 1 1 3 0])
  ("list" .
   [11 0 0 0])
  ("defun" .
   [0 0 0 3 0])
  ("defalias" .
   [0 0 0 1 0 0 0 0])
  ("func" .
   [3 0 0 1])
  ("obj" .
   [0 0 1])
  ("smeogreknut" .
   [0 0 0 0 1 0 0 0 0 0 0])
  ("print" .
   [0 0 0 1 3])
  ("print-list" .
   [0 0 0 1 0 0 1 0 1 0])
  ("dublek" .
   [0 0 1 0 0 0])
  ("double" .
   [0 0 3 1 0 0])
  ("map" .
   [3 0 0])
  ("fun" .
   [4 0 0])
  ("car" .
   [2 0 0])
  ("cdr" .
   [2 0 0])
  ("funcall" .
   [1 0 0 0 0 0 1])))
